15 15
255 255 255
255 255 255
255 255 255
255 255 255
255 255 255
255 255 255
255 255 255
255 255 255
255 255 255
255 255 255
255 255 255
255 255 255
255 255 255
255 255 255
255 255 255
255 255 255
255 255 255
255 255 255
255 255 255
255 255 255
255 255 255
255 255 255
255 255 255
255 255 255
255 255 255
255 255 255
255 255 255
255 255 255
255 255 255
255 255 255
255 255 255
255 255 255
237 28 36
255 255 255
255 255 255
255 255 255
255 255 255
255 255 255
255 255 255
255 255 255
255 255 255
255 255 255
255 255 255
237 28 36
255 255 255
255 255 255
255 255 255
255 255 255
237 28 36
255 255 255
255 255 255
255 255 255
255 255 255
255 255 255
255 255 255
255 255 255
255 255 255
237 28 36
255 255 255
255 255 255
255 255 255
255 255 255
255 255 255
255 255 255
237 28 36
255 255 255
255 255 255
255 255 255
255 255 255
255 255 255
255 255 255
237 28 36
255 255 255
255 255 255
255 255 255
255 255 255
255 255 255
255 255 255
0 162 232
255 255 255
237 28 36
255 255 255
255 255 255
255 255 255
255 255 255
237 28 36
255 255 255
0 162 232
255 255 255
255 255 255
255 255 255
255 255 255
0 162 232
255 255 255
0 162 232
255 255 255
255 255 255
255 255 255
255 255 255
255 255 255
255 255 255
0 162 232
255 255 255
0 162 232
255 255 255
255 255 255
255 255 255
255 255 255
0 162 232
255 255 255
255 255 255
255 255 255
255 255 255
255 255 255
255 255 255
255 255 255
255 255 255
0 162 232
255 255 255
255 255 255
255 255 255
255 255 255
255 255 255
255 255 255
255 255 255
255 255 255
255 255 255
255 255 255
255 255 255
255 255 255
255 255 255
255 255 255
255 255 255
255 255 255
255 255 255
255 255 255
255 255 255
255 255 255
237 28 36
237 28 36
237 28 36
237 28 36
237 28 36
237 28 36
237 28 36
237 28 36
237 28 36
237 28 36
255 255 255
255 255 255
255 255 255
255 255 255
237 28 36
255 255 255
255 255 255
255 255 255
255 255 255
255 255 255
255 255 255
255 255 255
255 255 255
255 255 255
255 255 255
237 28 36
255 255 255
255 255 255
255 255 255
255 255 255
237 28 36
237 28 36
237 28 36
237 28 36
237 28 36
237 28 36
237 28 36
237 28 36
237 28 36
237 28 36
255 255 255
255 255 255
255 255 255
255 255 255
255 255 255
255 255 255
255 255 255
255 255 255
255 255 255
255 255 255
255 255 255
255 255 255
255 255 255
255 255 255
255 255 255
255 255 255
255 255 255
255 255 255
255 255 255
255 255 255
255 255 255
255 255 255
255 255 255
255 255 255
255 255 255
255 255 255
255 255 255
255 255 255
255 255 255
255 255 255
255 255 255
255 255 255
255 255 255
255 255 255
255 255 255
255 255 255
255 255 255
255 255 255
255 255 255
255 255 255
255 255 255
255 255 255
255 255 255
255 255 255
255 255 255
255 255 255
255 255 255
